#1:t(gyr)	#2:m1	#3:m2	#4:id1	#5:id2	#6:dyn	#7:BS	#8:BB	#9:prev_partners_1	#10:prev_partners_2	#11:a	#12:e	#13:model
0.070902  14.7588  20.4758  3320.0  211777.0  0.0  0.0  0.0  0.0  0.0  0.0  0.0  2e5-z0.001
0.009747  17.9383  29.1014  260119.0  537812.0  0.0  0.0  0.0  5.0  0.0  0.0  0.0  5e5-z0.001-1
0.012496  38.8487  11.3403  451370.0  532529.0  1.0  0.0  0.0  1.0  2.0  0.0  0.0  5e5-z0.001-1
0.016549  10.1397  16.2933  220761.0  512013.0  1.0  1.0  1.0  0.0  0.0  8.2381  0.826864  5e5-z0.001-1
0.033091  13.83  15.9956  8774.0  504339.0  1.0  1.0  0.0  5.0  0.0  0.594492  0.516698  5e5-z0.001-1
0.055025  16.1585  16.5573  411716.0  548654.0  0.0  0.0  0.0  1.0  0.0  0.0  0.0  5e5-z0.001-1
0.075402  20.8588  17.3394  166321.0  511696.0  1.0  1.0  0.0  0.0  1.0  0.0  0.0  5e5-z0.001-1
0.012132  13.5311  20.6575  271658.0  540640.0  1.0  1.0  0.0  0.0  0.0  2.2588  0.028443  5e5-z0.001-2
0.014918  8.40661  17.524  350977.0  502767.0  1.0  5.0  0.0  13.0  0.0  30.6826  0.95016  5e5-z0.001-2
0.017985  17.9389  27.9845  537812.0  646296.0  1.0  1.0  0.0  1.0  0.0  3.14422  0.003088  5e5-z0.001-2
0.021214  23.9708  23.7496  574090.0  575871.0  1.0  22.0  2.0  1.0  4.0  0.0  0.0  5e5-z0.001-2
0.025205  10.2184  11.6544  151869.0  532529.0  1.0  1.0  0.0  6.0  0.0  0.270765  0.060478  5e5-z0.001-2
0.03239  14.0302  15.6619  8774.0  504339.0  1.0  2.0  2.0  5.0  0.0  2.32198  0.024524  5e5-z0.001-2
0.092116  8.78238  11.5308  44919.0  546892.0  0.0  0.0  0.0  3.0  0.0  0.0  0.0  5e5-z0.001-2
0.105606  17.0752  18.3561  458459.0  542447.0  0.0  0.0  0.0  1.0  0.0  0.0  0.0  5e5-z0.001-2
0.00977  18.9331  28.1807  61426.0  1022624.0  1.0  2.0  1.0  2.0  0.0  2.23586  0.020507  1e6-z0.001
0.010185  16.7404  27.2223  436278.0  1039314.0  0.0  0.0  0.0  4.0  0.0  0.0  0.0  1e6-z0.001
0.011039  14.8717  24.388  650503.0  1054230.0  0.0  0.0  0.0  3.0  0.0  0.0  0.0  1e6-z0.001
0.011647  19.8219  30.6076  151402.0  1027271.0  1.0  5.0  1.0  3.0  0.0  2.87881  0.021294  1e6-z0.001
0.011688  15.3814  20.8556  958917.0  1042845.0  0.0  0.0  0.0  1.0  0.0  0.0  0.0  1e6-z0.001
0.012427  20.9636  32.2707  914182.0  1012636.0  0.0  0.0  0.0  4.0  0.0  0.0  0.0  1e6-z0.001
0.018257  12.2983  16.0219  31620.0  1036781.0  1.0  2.0  0.0  0.0  0.0  2.60471  0.156101  1e6-z0.001
0.023189  13.4593  14.6979  198666.0  1032913.0  1.0  1.0  1.0  4.0  0.0  0.946378  0.034064  1e6-z0.001
0.0244  13.7669  14.5153  1456.0  1063684.0  0.0  0.0  0.0  3.0  0.0  0.0  0.0  1e6-z0.001
0.032679  12.3741  22.3079  1063459.0  1175483.0  1.0  4.0  1.0  7.0  0.0  4.76039  0.203662  1e6-z0.001
0.037757  14.9773  15.7813  175899.0  1038699.0  1.0  0.0  1.0  3.0  0.0  2.3911  0.027803  1e6-z0.001
0.054902  13.7963  18.1811  938446.0  1060192.0  1.0  0.0  1.0  4.0  0.0  0.024593  0.249541  1e6-z0.001
0.060435  14.7088  17.7213  829244.0  1005940.0  0.0  0.0  0.0  13.0  0.0  0.0  0.0  1e6-z0.001
0.069812  17.034  16.9851  400184.0  1004017.0  0.0  0.0  0.0  0.0  0.0  0.0  0.0  1e6-z0.001
0.125168  18.0012  18.4744  851041.0  1035384.0  1.0  0.0  2.0  4.0  0.0  0.017667  0.012412  1e6-z0.001
0.010371  16.7003  26.2085  35308.0  1035521.0  1.0  3.0  0.0  3.0  0.0  2.41423  0.019984  1e6-z0.001-1
0.011593  14.7834  25.5493  1033953.0  1671359.0  1.0  1.0  0.0  2.0  0.0  2.13455  0.021458  1e6-z0.001-1
0.011689  13.7927  22.0345  580439.0  1067962.0  1.0  2.0  0.0  0.0  0.0  2.15252  0.022013  1e6-z0.001-1
0.011744  13.7806  21.8269  251410.0  1065404.0  1.0  1.0  0.0  0.0  0.0  2.07239  0.013599  1e6-z0.001-1
0.012587  15.354  22.6201  71790.0  1139070.0  1.0  2.0  0.0  6.0  0.0  2.05484  0.209024  1e6-z0.001-1
0.013495  18.8466  28.7071  194875.0  1060613.0  1.0  2.0  0.0  0.0  0.0  2.97106  0.019458  1e6-z0.001-1
0.025208  12.6633  15.4145  719487.0  1009442.0  0.0  0.0  0.0  13.0  0.0  0.0  0.0  1e6-z0.001-1
0.030711  13.0717  16.142  535927.0  1073654.0  1.0  4.0  0.0  4.0  0.0  1.50614  0.084084  1e6-z0.001-1
0.034205  15.3142  15.1735  709369.0  1084579.0  0.0  2.0  0.0  0.0  9.0  0.0  0.0  1e6-z0.001-1
0.069719  15.8755  17.5682  319312.0  1000279.0  1.0  1.0  0.0  0.0  0.0  2.14497  0.036393  1e6-z0.001-1
0.083779  14.4638  19.0867  341773.0  1061561.0  0.0  0.0  0.0  1.0  0.0  0.0  0.0  1e6-z0.001-1
0.155177  6.97782  14.9084  121926.0  1031352.0  1.0  10.0  0.0  4.0  0.0  0.02995  0.100221  1e6-z0.001-1
0.011191  14.8464  22.9529  352191.0  2115680.0  1.0  1.0  1.0  5.0  0.0  0.326692  0.014199  2e6-z0.001
0.012765  12.1148  20.8374  1481600.0  2007932.0  1.0  2.0  0.0  1.0  0.0  3.06642  0.168522  2e6-z0.001
0.013053  14.2236  21.3126  1184894.0  2043548.0  0.0  0.0  0.0  1.0  0.0  0.0  0.0  2e6-z0.001
0.015687  15.4406  22.7416  958917.0  2049982.0  1.0  3.0  0.0  5.0  0.0  2.96953  0.017029  2e6-z0.001
0.016102  16.4686  22.7579  566003.0  2146677.0  1.0  1.0  0.0  2.0  0.0  0.319966  0.077599  2e6-z0.001
0.016937  10.5023  14.5246  1215673.0  2008391.0  1.0  2.0  0.0  2.0  0.0  2.56073  0.430919  2e6-z0.001
0.017714  9.34156  15.2599  834011.0  2094184.0  1.0  5.0  1.0  2.0  0.0  6.365  0.776479  2e6-z0.001
0.019547  14.011  19.1457  219190.0  2513853.0  1.0  3.0  0.0  3.0  0.0  2.71028  0.064637  2e6-z0.001
0.022308  13.4096  14.1917  1462067.0  2064263.0  1.0  1.0  0.0  3.0  0.0  2.22097  0.054007  2e6-z0.001
0.026137  13.6963  14.8731  1523428.0  2195484.0  1.0  2.0  0.0  1.0  0.0  2.39416  0.038612  2e6-z0.001
0.040286  18.6604  26.4052  964376.0  2081378.0  1.0  4.0  0.0  4.0  0.0  4.35697  0.019819  2e6-z0.001
0.054037  11.1783  16.8521  728164.0  2760201.0  1.0  3.0  0.0  3.0  0.0  5.37237  0.604419  2e6-z0.001
0.065385  14.4124  18.1586  110402.0  2116129.0  1.0  2.0  0.0  7.0  0.0  2.55073  0.068512  2e6-z0.001
0.066054  15.6881  17.4535  1945571.0  2046674.0  0.0  0.0  0.0  0.0  0.0  0.0  0.0  2e6-z0.001
0.069649  11.7942  18.2553  1807613.0  2038782.0  0.0  0.0  0.0  1.0  0.0  0.0  0.0  2e6-z0.001
0.071581  14.8155  18.2337  1598395.0  2191321.0  0.0  0.0  0.0  9.0  0.0  0.0  0.0  2e6-z0.001
0.072375  16.5125  16.7407  424104.0  2253609.0  1.0  9.0  0.0  7.0  0.0  3.4852  0.320955  2e6-z0.001
0.097965  14.6438  19.5049  1002782.0  2104941.0  1.0  1.0  0.0  2.0  0.0  0.310379  0.004895  2e6-z0.001
0.09892  19.1192  15.3425  2027075.0  2782440.0  1.0  5.0  2.0  1.0  0.0  0.0  0.0  2e6-z0.001
0.16004  10.8318  10.9191  45268.0  2463734.0  1.0  1.0  0.0  4.0  0.0  2.12504  0.230511  2e6-z0.001
0.183361  11.2277  10.905  209290.0  2124265.0  0.0  15.0  1.0  0.0  15.0  0.0  0.0  2e6-z0.001
0.010864  15.3384  24.0786  958917.0  2049982.0  1.0  1.0  0.0  3.0  0.0  2.13559  0.022413  2e6-z0.001-1
0.011013  16.4936  23.6433  566003.0  2146677.0  1.0  1.0  0.0  2.0  0.0  2.33932  0.020709  2e6-z0.001-1
0.011511  14.1473  21.7937  1184894.0  2043548.0  0.0  0.0  0.0  9.0  0.0  0.0  0.0  2e6-z0.001-1
0.011878  14.8964  23.176  352191.0  2317284.0  1.0  4.0  1.0  11.0  0.0  2.33492  0.126266  2e6-z0.001-1
0.013164  10.8992  18.8959  319528.0  2151070.0  1.0  5.0  1.0  0.0  0.0  7.91696  0.838388  2e6-z0.001-1
0.013164  11.4087  18.4657  1807613.0  2038782.0  0.0  0.0  0.0  4.0  0.0  0.0  0.0  2e6-z0.001-1
0.0136  11.0836  17.2453  6253.0  2130508.0  1.0  1.0  0.0  0.0  0.0  2.36583  0.448908  2e6-z0.001-1
0.018429  12.695  12.3199  677043.0  2118237.0  0.0  1.0  1.0  0.0  3.0  0.0  0.0  2e6-z0.001-1
0.019141  12.2858  14.1486  1979910.0  2088772.0  0.0  0.0  0.0  0.0  0.0  0.0  0.0  2e6-z0.001-1
0.019199  12.0211  11.2064  31620.0  2167075.0  0.0  1.0  3.0  0.0  6.0  0.0  0.0  2e6-z0.001-1
0.020827  14.0787  13.423  1239755.0  2011898.0  0.0  0.0  0.0  0.0  3.0  0.0  0.0  2e6-z0.001-1
0.022014  14.3999  13.6349  1107509.0  2178727.0  0.0  1.0  1.0  0.0  0.0  0.0  0.0  2e6-z0.001-1
0.022663  14.3908  13.839  635748.0  2088752.0  0.0  3.0  0.0  0.0  0.0  0.0  0.0  2e6-z0.001-1
0.022976  13.4147  14.3412  1462067.0  2064263.0  1.0  1.0  0.0  0.0  0.0  0.265766  0.011575  2e6-z0.001-1
0.023693  27.1961  13.4506  2277198.0  4296457.0  1.0  3.0  0.0  0.0  0.0  3.97315  0.860212  2e6-z0.001-1
0.027127  13.6919  14.9464  198666.0  3435448.0  1.0  0.0  0.0  3.0  0.0  0.0  0.0  2e6-z0.001-1
0.028391  13.5865  15.3835  1523428.0  2195484.0  0.0  0.0  0.0  5.0  0.0  0.0  0.0  2e6-z0.001-1
0.037474  18.3966  25.961  1075588.0  2001737.0  1.0  1.0  1.0  4.0  0.0  4.13965  0.026023  2e6-z0.001-1
0.03771  15.5121  15.0416  192188.0  2232452.0  1.0  4.0  0.0  3.0  0.0  0.0  0.0  2e6-z0.001-1
0.044561  15.3791  16.178  1874670.0  2026016.0  0.0  0.0  0.0  2.0  0.0  0.0  0.0  2e6-z0.001-1
0.080464  14.4013  19.09  110402.0  2116129.0  1.0  3.0  0.0  6.0  0.0  0.033283  0.05451  2e6-z0.001-1
0.089246  15.2774  18.7782  1046756.0  2027075.0  1.0  2.0  0.0  4.0  0.0  2.22047  0.046558  2e6-z0.001-1
0.090293  14.7817  19.1206  1598395.0  2191321.0  0.0  0.0  0.0  2.0  0.0  0.0  0.0  2e6-z0.001-1
0.098531  14.6277  19.6077  1002782.0  2104941.0  1.0  2.0  0.0  1.0  0.0  0.037915  0.054671  2e6-z0.001-1
0.101914  16.3326  18.6369  1077453.0  2144909.0  1.0  1.0  0.0  12.0  0.0  2.5769  0.021291  2e6-z0.001-1
0.113501  15.6036  19.4942  1945571.0  2046674.0  0.0  0.0  0.0  2.0  0.0  0.0  0.0  2e6-z0.001-1
0.501562  25.2633  39.7646  396462.0  1745834.0  1.0  0.0  2.0  8.0  8.0  0.015216  0.126633  2e6-z0.001-1
0.025927  12.0197  15.0898  650503.0  1054230.0  1.0  1.0  0.0  4.0  0.0  0.422745  0.006171  1e6-z0.005-rg2
0.073504  10.1889  13.3057  317726.0  1019012.0  1.0  5.0  0.0  0.0  0.0  0.02562  0.060516  1e6-z0.005-rg2
0.224123  16.3437  22.6401  205406.0  958222.0  1.0  1.0  3.0  1.0  1.0  0.0  0.0  1e6-z0.005-rg2
0.052062  7.79115  7.47811  120775.0  215902.0  0.0  0.0  0.0  0.0  0.0  0.0  0.0  2e5-z0.005-rg2
0.014984  10.1231  15.8062  3753053.0  2096588.0  1.0  0.0  0.0  1.0  1.0  0.0  0.0  2e6-z0.005-rg2
0.04196  7.96087  10.1669  364279.0  2180286.0  1.0  5.0  0.0  0.0  0.0  4.35141  0.078954  2e6-z0.005-rg2
0.047318  7.8387  7.3354  340199.0  2106253.0  0.0  1.0  1.0  0.0  4.0  0.0  0.0  2e6-z0.005-rg2
0.070038  8.24642  13.089  483359.0  2163949.0  1.0  3.0  0.0  0.0  0.0  5.77539  0.065777  2e6-z0.005-rg2
0.116616  8.29866  8.26404  95874.0  2073799.0  0.0  3.0  0.0  0.0  0.0  0.0  0.0  2e6-z0.005-rg2
0.39263  18.9334  28.5684  263027.0  988116.0  1.0  0.0  1.0  5.0  4.0  0.0  0.0  2e6-z0.005-rg2
0.437845  8.01958  7.95897  58319.0  2090283.0  0.0  8.0  1.0  0.0  1.0  0.0  0.0  2e6-z0.005-rg2
0.017133  8.68344  15.8094  317726.0  1019012.0  1.0  1.0  0.0  1.0  0.0  4.03111  0.06416  1e6-z0.005-rg2-1
0.250186  8.06055  10.1904  226068.0  1462429.0  1.0  2.0  0.0  1.0  0.0  6.40851  0.025897  1e6-z0.005-rg2-1
8.501706  10.7055  13.89  124731.0  2139528.0  1.0  0.0  0.0  5.0  0.0  0.0  0.0  1e6-z0.005-rg2-1
0.01717  6.24219  17.7147  2155687.0  2230558.0  1.0  7.0  0.0  6.0  0.0  8.4925  0.197924  2e6-z0.005-rg2-1
0.057824  8.01572  7.79604  58319.0  2755880.0  1.0  1.0  0.0  2.0  2.0  0.0  0.0  2e6-z0.005-rg2-1
0.093606  8.23607  10.8077  1086836.0  2182581.0  1.0  2.0  2.0  7.0  0.0  5.99751  0.019013  2e6-z0.005-rg2-1
0.117315  8.24144  13.089  483359.0  2163949.0  1.0  2.0  0.0  1.0  0.0  6.49625  0.009286  2e6-z0.005-rg2-1
0.196519  30.8578  30.8156  875288.0  1864554.0  1.0  2.0  2.0  5.0  7.0  0.0  0.0  2e6-z0.005-rg2-1
0.307479  8.25696  11.1656  836003.0  2209378.0  1.0  7.0  1.0  2.0  0.0  0.036219  0.117237  2e6-z0.005-rg2-1
2.096512  15.6361  19.1716  1276963.0  1661852.0  1.0  0.0  1.0  6.0  6.0  0.041786  0.990227  2e6-z0.005-rg2-1
0.0113  17.3055  22.1127  481998.0  1072882.0  1.0  1.0  1.0  3.0  0.0  1.81224  0.11844  1e6-z0.0002-rg20
0.011327  16.8532  22.5675  958917.0  1042845.0  1.0  1.0  0.0  1.0  0.0  1.71116  0.025344  1e6-z0.0002-rg20
0.012289  16.3042  18.928  829244.0  1005940.0  0.0  0.0  0.0  0.0  0.0  0.0  0.0  1e6-z0.0002-rg20
0.013927  50.8389  36.5893  1124442.0  1238936.0  1.0  64.0  4.0  0.0  13.0  0.0  0.0  1e6-z0.0002-rg20
0.014103  19.8541  23.057  153035.0  1059145.0  1.0  1.0  0.0  1.0  0.0  1.74669  0.207501  1e6-z0.0002-rg20
0.014804  19.8218  24.2687  951271.0  1039528.0  1.0  1.0  0.0  0.0  0.0  1.88534  0.024586  1e6-z0.0002-rg20
0.019941  20.54  28.486  61426.0  1022624.0  1.0  1.0  0.0  3.0  0.0  2.01962  0.024818  1e6-z0.0002-rg20
0.022652  8.56617  12.1936  861599.0  1001275.0  1.0  0.0  1.0  1.0  0.0  0.016082  0.100383  1e6-z0.0002-rg20
0.033359  23.3403  32.1579  616307.0  1054958.0  1.0  1.0  0.0  1.0  0.0  2.01832  0.021636  1e6-z0.0002-rg20
0.034736  22.7163  33.7817  914182.0  1012636.0  0.0  0.0  0.0  3.0  0.0  0.0  0.0  1e6-z0.0002-rg20
0.114053  8.66641  14.0332  245496.0  1037187.0  1.0  1.0  0.0  10.0  0.0  1.68755  0.144903  1e6-z0.0002-rg20
0.484728  6.8635  13.4722  615961.0  1091606.0  1.0  1.0  1.0  5.0  0.0  0.03094  0.034872  1e6-z0.0002-rg20
0.013764  23.6132  20.1681  2001737.0  2239175.0  1.0  1.0  0.0  3.0  4.0  0.0  0.0  2e6-z0.0002-rg20
0.014703  20.4786  24.1775  964376.0  2081378.0  0.0  0.0  0.0  13.0  0.0  0.0  0.0  2e6-z0.0002-rg20
0.014721  21.0447  23.3426  431869.0  2083861.0  0.0  0.0  0.0  1.0  0.0  0.0  0.0  2e6-z0.0002-rg20
0.018939  22.3425  25.3067  51716.0  2017238.0  1.0  3.0  1.0  5.0  0.0  0.025193  0.03948  2e6-z0.0002-rg20
0.025204  23.3638  27.9229  657529.0  2083179.0  0.0  0.0  0.0  7.0  0.0  0.0  0.0  2e6-z0.0002-rg20
0.027219  8.19594  11.0255  1677811.0  2182461.0  0.0  0.0  0.0  2.0  0.0  0.0  0.0  2e6-z0.0002-rg20
0.027997  8.10273  12.0185  514938.0  2057664.0  1.0  1.0  0.0  3.0  0.0  2.47619  0.017257  2e6-z0.0002-rg20
0.028615  23.9464  28.8666  1987064.0  2008941.0  0.0  0.0  0.0  6.0  0.0  0.0  0.0  2e6-z0.0002-rg20
0.031292  8.42796  10.82  1320383.0  2062009.0  1.0  2.0  0.0  1.0  0.0  1.84303  0.017867  2e6-z0.0002-rg20
0.060261  7.47754  7.71946  109409.0  2020527.0  0.0  0.0  0.0  0.0  0.0  0.0  0.0  2e6-z0.0002-rg20
0.080414  8.97429  9.65067  1112742.0  2129485.0  1.0  5.0  0.0  1.0  0.0  8.11446  0.768687  2e6-z0.0002-rg20
0.197303  7.78635  8.23271  1972000.0  2110437.0  1.0  0.0  1.0  3.0  0.0  0.036015  0.564329  2e6-z0.0002-rg20
0.251169  7.50463  15.326  1506843.0  2015978.0  1.0  1.0  0.0  6.0  0.0  1.65466  0.224358  2e6-z0.0002-rg20
0.009911  18.2326  27.1522  424104.0  522329.0  0.0  0.0  0.0  3.0  0.0  0.0  0.0  5e5-z0.0002-rg20
0.011426  17.1923  23.251  233383.0  540238.0  0.0  0.0  0.0  4.0  0.0  0.0  0.0  5e5-z0.0002-rg20
0.017071  19.7604  27.3466  293794.0  530583.0  0.0  0.0  0.0  2.0  0.0  0.0  0.0  5e5-z0.0002-rg20
0.017076  21.7563  24.2816  17285.0  504306.0  1.0  2.0  1.0  3.0  0.0  1.86195  0.018685  5e5-z0.0002-rg20
0.0212  21.3893  28.2543  270020.0  521795.0  1.0  1.0  0.0  1.0  0.0  0.372775  0.017801  5e5-z0.0002-rg20
0.024969  16.3731  22.0667  411874.0  536774.0  1.0  1.0  0.0  3.0  0.0  2.07196  0.007993  5e5-z0.0002-rg20
0.057596  11.2859  14.7764  493095.0  537380.0  0.0  0.0  0.0  1.0  0.0  0.0  0.0  5e5-z0.0002-rg20
0.011189  15.2063  24.0769  990741.0  1027618.0  0.0  0.0  0.0  5.0  0.0  0.0  0.0  1e6-z0.0002-rg20-1
0.011238  17.3152  21.8046  481998.0  1072882.0  0.0  0.0  0.0  0.0  0.0  0.0  0.0  1e6-z0.0002-rg20-1
0.011313  16.8328  22.4459  958917.0  1042845.0  0.0  0.0  0.0  1.0  0.0  0.0  0.0  1e6-z0.0002-rg20-1
0.011397  15.1188  23.1648  125633.0  1094600.0  1.0  1.0  0.0  0.0  0.0  2.06452  0.019692  1e6-z0.0002-rg20-1
0.011517  15.1772  22.6031  317726.0  1019012.0  1.0  1.0  0.0  1.0  0.0  2.0366  0.035116  1e6-z0.0002-rg20-1
0.013798  19.8446  22.6855  153035.0  1059145.0  0.0  0.0  0.0  0.0  0.0  0.0  0.0  1e6-z0.0002-rg20-1
0.018145  19.8175  24.256  951271.0  1245411.0  1.0  1.0  0.0  6.0  0.0  1.95241  0.064097  1e6-z0.0002-rg20-1
0.021707  20.6179  29.6591  61426.0  1022624.0  0.0  0.0  0.0  3.0  0.0  0.0  0.0  1e6-z0.0002-rg20-1
0.027183  9.99912  11.2763  361975.0  1099547.0  0.0  0.0  0.0  0.0  0.0  0.0  0.0  1e6-z0.0002-rg20-1
0.03531  23.4116  32.8984  616307.0  1054958.0  0.0  0.0  0.0  0.0  0.0  0.0  0.0  1e6-z0.0002-rg20-1
0.036293  22.8891  34.2055  914182.0  1012636.0  0.0  0.0  0.0  3.0  0.0  0.0  0.0  1e6-z0.0002-rg20-1
0.106788  14.4099  21.5387  259179.0  1088955.0  1.0  3.0  0.0  3.0  0.0  0.027994  0.088762  1e6-z0.0002-rg20-1
0.191978  6.80558  13.4416  615961.0  1091606.0  1.0  1.0  0.0  0.0  0.0  0.026449  0.048794  1e6-z0.0002-rg20-1
0.555029  10.7866  9.52475  692553.0  1002927.0  0.0  10.0  2.0  0.0  0.0  0.0  0.0  1e6-z0.0002-rg20-1
0.02501  21.3014  31.0923  114619.0  213421.0  0.0  0.0  0.0  3.0  0.0  0.0  0.0  2e5-z0.0002-rg20-1
0.059386  6.40533  13.4269  2975.0  206236.0  1.0  0.0  1.0  0.0  0.0  0.011774  0.026995  2e5-z0.0002-rg20-1
0.010402  40.3645  25.726  2204145.0  2423688.0  1.0  4.0  1.0  0.0  3.0  0.0  0.0  2e6-z0.0002-rg20-1
0.010566  16.8564  25.1733  958917.0  2049982.0  1.0  2.0  0.0  1.0  0.0  2.01971  0.098867  2e6-z0.0002-rg20-1
0.01095  15.8426  23.6602  1553053.0  2096588.0  0.0  0.0  0.0  5.0  0.0  0.0  0.0  2e6-z0.0002-rg20-1
0.011601  18.28  21.4981  30558.0  2155687.0  1.0  1.0  3.0  2.0  0.0  0.0  0.0  2e6-z0.0002-rg20-1
0.012381  15.0903  24.9999  2115680.0  2552191.0  1.0  5.0  0.0  3.0  0.0  2.4535  0.031895  2e6-z0.0002-rg20-1
0.013192  18.005  25.1154  566003.0  2146677.0  1.0  2.0  0.0  1.0  0.0  1.94117  0.030424  2e6-z0.0002-rg20-1
0.013506  19.9664  22.5025  26327.0  2099565.0  1.0  3.0  0.0  7.0  0.0  1.92909  0.029937  2e6-z0.0002-rg20-1
0.014355  19.4739  24.1252  1969790.0  2029084.0  0.0  0.0  0.0  7.0  0.0  0.0  0.0  2e6-z0.0002-rg20-1
0.014414  19.3115  24.3525  1153234.0  2000204.0  1.0  2.0  1.0  3.0  0.0  0.024731  0.0  2e6-z0.0002-rg20-1
0.014451  15.5374  23.5011  843286.0  2089098.0  1.0  3.0  0.0  4.0  0.0  2.31966  0.015831  2e6-z0.0002-rg20-1
0.0151  20.1053  24.3928  1645542.0  2142914.0  1.0  1.0  0.0  1.0  0.0  1.94536  0.02532  2e6-z0.0002-rg20-1
0.017958  20.9439  26.1705  431869.0  2083861.0  0.0  0.0  0.0  1.0  0.0  0.0  0.0  2e6-z0.0002-rg20-1
0.018222  22.0056  24.8899  302089.0  2141842.0  1.0  3.0  0.0  3.0  0.0  1.82607  0.039022  2e6-z0.0002-rg20-1
0.018553  20.1721  27.7904  1075588.0  2001737.0  1.0  3.0  0.0  0.0  0.0  0.024287  0.03091  2e6-z0.0002-rg20-1
0.018977  20.4664  27.7495  964376.0  2081378.0  0.0  0.0  0.0  10.0  0.0  0.0  0.0  2e6-z0.0002-rg20-1
0.019986  20.0146  25.0001  2043335.0  2226632.0  1.0  16.0  2.0  4.0  0.0  3.29769  0.37569  2e6-z0.0002-rg20-1
0.022307  22.8667  26.9073  1327466.0  2065560.0  1.0  3.0  0.0  14.0  0.0  1.95856  0.019346  2e6-z0.0002-rg20-1
0.025366  22.454  28.9873  2250475.0  2313546.0  1.0  1.0  2.0  4.0  0.0  0.324648  0.102322  2e6-z0.0002-rg20-1
0.028208  23.3076  29.7133  657529.0  2083179.0  1.0  1.0  1.0  8.0  0.0  0.026403  0.032032  2e6-z0.0002-rg20-1
0.033486  23.8786  31.323  1987064.0  2008941.0  0.0  0.0  0.0  1.0  0.0  0.0  0.0  2e6-z0.0002-rg20-1
0.036616  25.3303  30.6406  1143774.0  2090940.0  1.0  3.0  1.0  3.0  0.0  2.25612  0.043263  2e6-z0.0002-rg20-1
0.037727  8.73157  13.8708  58319.0  2090283.0  1.0  2.0  0.0  4.0  0.0  0.319488  0.161439  2e6-z0.0002-rg20-1
0.040149  6.8695  13.6535  615961.0  2142337.0  1.0  1.0  0.0  4.0  0.0  1.6421  0.317883  2e6-z0.0002-rg20-1
0.045306  6.98237  20.7208  2142289.0  2371725.0  1.0  2.0  1.0  5.0  0.0  2.07022  0.368961  2e6-z0.0002-rg20-1
0.046501  15.8436  22.6441  1184894.0  2043548.0  0.0  0.0  0.0  2.0  0.0  0.0  0.0  2e6-z0.0002-rg20-1
0.046911  9.29793  9.13796  709592.0  2051267.0  0.0  0.0  0.0  0.0  7.0  0.0  0.0  2e6-z0.0002-rg20-1
0.070754  25.343  33.4919  1018820.0  2009805.0  1.0  1.0  1.0  2.0  0.0  0.032186  0.195057  2e6-z0.0002-rg20-1
0.101774  23.6455  26.1204  226068.0  1797071.0  1.0  1.0  0.0  1.0  1.0  0.034349  0.650756  2e6-z0.0002-rg20-1
0.946943  7.33399  14.1848  1920015.0  2033307.0  1.0  2.0  1.0  10.0  0.0  0.046036  0.369635  2e6-z0.0002-rg20-1
0.013985  16.2298  22.273  411874.0  536774.0  0.0  0.0  0.0  1.0  0.0  0.0  0.0  5e5-z0.0002-rg20-1
0.014427  18.2517  26.9067  424104.0  522329.0  1.0  1.0  1.0  5.0  0.0  0.0  0.0  5e5-z0.0002-rg20-1
0.017419  19.7626  30.914  293794.0  606313.0  1.0  2.0  0.0  2.0  0.0  3.59754  0.274819  5e5-z0.0002-rg20-1
0.017623  21.7342  24.6889  17285.0  504306.0  1.0  1.0  0.0  2.0  0.0  0.324506  0.000595  5e5-z0.0002-rg20-1
0.019784  8.30005  15.1061  284795.0  510119.0  0.0  0.0  0.0  1.0  0.0  0.0  0.0  5e5-z0.0002-rg20-1
0.022683  21.5074  29.0945  270020.0  521795.0  0.0  0.0  0.0  1.0  0.0  0.0  0.0  5e5-z0.0002-rg20-1
0.042607  10.9346  10.6104  226719.0  516215.0  0.0  0.0  0.0  0.0  2.0  0.0  0.0  5e5-z0.0002-rg20-1
0.031649  7.42154  7.89862  64290.0  210717.0  0.0  0.0  0.0  0.0  0.0  0.0  0.0  2e5-z0.001-rg8-rv2
0.010341  16.8114  22.9708  300369.0  528299.0  0.0  0.0  0.0  4.0  0.0  0.0  0.0  5e5-z0.001-rg8-rv2
0.061938  14.867  17.809  58821.0  526076.0  0.0  0.0  0.0  5.0  0.0  0.0  0.0  5e5-z0.001-rg8-rv2
0.078733  15.355  18.3932  192188.0  519455.0  0.0  0.0  0.0  8.0  0.0  0.0  0.0  5e5-z0.001-rg8-rv2
0.009839  18.0786  27.7815  293794.0  530583.0  0.0  0.0  0.0  1.0  0.0  0.0  0.0  5e5-z0.001-rg8-rv2-1
0.017119  11.6011  14.1832  449225.0  533579.0  0.0  0.0  0.0  1.0  0.0  0.0  0.0  5e5-z0.001-rg8-rv2-1
0.062392  14.8833  17.8069  58821.0  526076.0  0.0  0.0  0.0  1.0  0.0  0.0  0.0  5e5-z0.001-rg8-rv2-1
0.077633  15.2892  18.4568  192188.0  519455.0  0.0  0.0  0.0  0.0  0.0  0.0  0.0  5e5-z0.001-rg8-rv2-1
0.013742  21.4322  31.4361  616307.0  1054958.0  0.0  0.0  0.0  0.0  0.0  0.0  0.0  1e6-z0.001-rg8-rv2
0.014311  19.8177  31.0142  151402.0  1027271.0  0.0  0.0  0.0  0.0  0.0  0.0  0.0  1e6-z0.001-rg8-rv2
0.017904  12.508  16.074  31620.0  1036781.0  0.0  0.0  0.0  0.0  0.0  0.0  0.0  1e6-z0.001-rg8-rv2
0.02158  12.9129  14.8406  198666.0  1032913.0  0.0  0.0  0.0  0.0  0.0  0.0  0.0  1e6-z0.001-rg8-rv2
0.021959  13.1516  14.7836  1456.0  1063684.0  0.0  0.0  0.0  1.0  0.0  0.0  0.0  1e6-z0.001-rg8-rv2
0.027036  13.7015  15.3589  654641.0  1028862.0  0.0  0.0  0.0  1.0  0.0  0.0  0.0  1e6-z0.001-rg8-rv2
0.080762  15.4931  18.5056  442896.0  1001867.0  0.0  0.0  0.0  6.0  0.0  0.0  0.0  1e6-z0.001-rg8-rv2
0.08828  16.907  18.0609  400184.0  1004017.0  0.0  0.0  0.0  10.0  0.0  0.0  0.0  1e6-z0.001-rg8-rv2
0.009271  18.8988  28.2636  61426.0  1022624.0  0.0  0.0  0.0  0.0  0.0  0.0  0.0  1e6-z0.001-rg8-rv2-1
0.012019  19.7883  30.2657  151402.0  1027271.0  0.0  0.0  0.0  5.0  0.0  0.0  0.0  1e6-z0.001-rg8-rv2-1
0.01509  12.5229  16.0584  31620.0  1036781.0  1.0  1.0  0.0  1.0  0.0  1.20354  0.479413  1e6-z0.001-rg8-rv2-1
0.023152  13.3877  14.7451  198666.0  1032913.0  0.0  0.0  0.0  5.0  0.0  0.0  0.0  1e6-z0.001-rg8-rv2-1
0.02327  13.5179  14.6696  1456.0  1063684.0  1.0  2.0  0.0  1.0  0.0  0.849533  0.025177  1e6-z0.001-rg8-rv2-1
0.026971  13.7368  15.3341  654641.0  1028862.0  0.0  0.0  0.0  14.0  0.0  0.0  0.0  1e6-z0.001-rg8-rv2-1
0.050951  14.3129  17.9369  829244.0  1005940.0  0.0  0.0  0.0  4.0  0.0  0.0  0.0  1e6-z0.001-rg8-rv2-1
0.053319  14.9727  17.0674  175899.0  1038699.0  1.0  1.0  0.0  0.0  0.0  2.22745  0.02337  1e6-z0.001-rg8-rv2-1
0.0715  15.3546  18.575  442896.0  1001867.0  1.0  2.0  0.0  4.0  0.0  0.556388  0.030786  1e6-z0.001-rg8-rv2-1
0.074172  14.9549  18.3535  358968.0  1063459.0  1.0  1.0  0.0  2.0  0.0  2.30763  0.030036  1e6-z0.001-rg8-rv2-1
0.088983  16.9296  18.0144  400184.0  1004017.0  0.0  0.0  0.0  1.0  0.0  0.0  0.0  1e6-z0.001-rg8-rv2-1
0.092871  17.6768  18.7089  992478.0  1046297.0  0.0  0.0  0.0  3.0  0.0  0.0  0.0  1e6-z0.001-rg8-rv2-1
0.013048  13.0445  19.1307  561761.0  864952.0  1.0  1.0  0.0  112.0  0.0  2.64812  0.076006  initial
0.015442  7.98602  17.0121  515174.0  866362.0  0.0  0.0  0.0  17.0  0.0  0.0  0.0  initial
0.017011  14.0198  20.6097  612169.0  839510.0  0.0  0.0  0.0  26.0  0.0  0.0  0.0  initial
0.017834  11.8751  20.041  545012.0  826141.0  0.0  0.0  0.0  31.0  0.0  0.0  0.0  initial
0.019103  15.774  24.0536  779493.0  810778.0  0.0  0.0  0.0  32.0  0.0  0.0  0.0  initial
0.033108  5.85147  10.853  249529.0  807359.0  1.0  2.0  0.0  0.0  0.0  3.08894  0.422339  initial
0.039519  15.8704  15.4926  402661.0  871403.0  0.0  1.0  2.0  0.0  8.0  0.0  0.0  initial
0.080355  9.09513  14.508  140482.0  820952.0  1.0  2.0  3.0  44.0  0.0  0.025933  0.056209  initial
0.015772  11.6128  12.9301  677043.0  2118237.0  0.0  0.0  0.0  1.0  0.0  0.0  0.0  2e6-z0.001-rg8-rv2-1
0.017446  11.6908  14.3084  1979910.0  2088772.0  0.0  0.0  0.0  0.0  0.0  0.0  0.0  2e6-z0.001-rg8-rv2-1
0.018631  13.6204  13.3892  1378386.0  2100619.0  0.0  0.0  0.0  0.0  1.0  0.0  0.0  2e6-z0.001-rg8-rv2-1
0.019111  11.9754  14.7066  1462067.0  2064263.0  0.0  0.0  0.0  3.0  0.0  0.0  0.0  2e6-z0.001-rg8-rv2-1
0.019352  13.5256  13.7853  1239755.0  2011898.0  0.0  0.0  0.0  2.0  0.0  0.0  0.0  2e6-z0.001-rg8-rv2-1
0.023663  13.9185  14.5494  124731.0  2186164.0  0.0  0.0  0.0  0.0  0.0  0.0  0.0  2e6-z0.001-rg8-rv2-1
0.023663  13.0782  15.1763  198666.0  2056289.0  0.0  0.0  0.0  0.0  0.0  0.0  0.0  2e6-z0.001-rg8-rv2-1
0.02461  13.9728  14.6953  1023807.0  2176557.0  0.0  0.0  0.0  1.0  0.0  0.0  0.0  2e6-z0.001-rg8-rv2-1
0.02545  13.0271  15.5952  1523428.0  2195484.0  0.0  0.0  0.0  7.0  0.0  0.0  0.0  2e6-z0.001-rg8-rv2-1
0.025542  14.0205  14.9568  1107509.0  2178727.0  1.0  1.0  0.0  0.0  0.0  0.021389  0.052045  2e6-z0.001-rg8-rv2-1
0.029185  15.1991  14.6265  1377702.0  2066634.0  0.0  0.0  0.0  0.0  4.0  0.0  0.0  2e6-z0.001-rg8-rv2-1
0.030017  13.9738  15.7991  635748.0  2088752.0  0.0  0.0  0.0  3.0  0.0  0.0  0.0  2e6-z0.001-rg8-rv2-1
0.031718  14.9649  15.7535  200864.0  2131086.0  0.0  0.0  0.0  2.0  0.0  0.0  0.0  2e6-z0.001-rg8-rv2-1
0.034604  15.2052  15.7317  192188.0  2173707.0  1.0  1.0  0.0  2.0  0.0  0.605322  0.00538  2e6-z0.001-rg8-rv2-1
0.05473  15.7788  17.4351  1060146.0  2151016.0  0.0  0.0  0.0  6.0  0.0  0.0  0.0  2e6-z0.001-rg8-rv2-1
0.068507  16.4328  17.354  424104.0  2187548.0  0.0  0.0  0.0  1.0  0.0  0.0  0.0  2e6-z0.001-rg8-rv2-1
0.075423  17.6154  17.5647  464496.0  2160162.0  0.0  0.0  0.0  0.0  1.0  0.0  0.0  2e6-z0.001-rg8-rv2-1
0.092832  15.0835  19.2433  1046756.0  2027075.0  0.0  0.0  0.0  4.0  0.0  0.0  0.0  2e6-z0.001-rg8-rv2-1
0.112177  15.5925  19.5296  1945571.0  2046674.0  0.0  0.0  0.0  0.0  0.0  0.0  0.0  2e6-z0.001-rg8-rv2-1
0.117295  17.8647  18.7798  1661281.0  2020264.0  0.0  0.0  0.0  6.0  0.0  0.0  0.0  2e6-z0.001-rg8-rv2-1
0.042454  8.47815  12.1904  183471.0  1006039.0  0.0  0.0  0.0  1.0  0.0  0.0  0.0  1e6-z0.005-rg2-rv2
0.070813  8.17436  7.34197  337077.0  1058369.0  0.0  1.0  0.0  0.0  4.0  0.0  0.0  1e6-z0.005-rg2-rv2
0.139384  10.0897  16.0518  868633.0  1076997.0  0.0  0.0  0.0  1.0  0.0  0.0  0.0  1e6-z0.005-rg2-rv2
0.017008  14.6529  16.7364  26327.0  2099565.0  1.0  1.0  0.0  0.0  0.0  2.50159  0.018041  2e6-z0.005-rg2-rv2
0.050778  7.79649  7.36263  340199.0  2106253.0  0.0  1.0  1.0  0.0  1.0  0.0  0.0  2e6-z0.005-rg2-rv2
0.083174  8.04938  7.6357  1867221.0  2136335.0  0.0  0.0  0.0  0.0  2.0  0.0  0.0  2e6-z0.005-rg2-rv2
0.125125  8.39689  7.99378  206095.0  2048888.0  0.0  0.0  0.0  0.0  0.0  0.0  0.0  2e6-z0.005-rg2-rv2
0.140363  8.27143  8.28941  95874.0  2073799.0  0.0  0.0  0.0  0.0  0.0  0.0  0.0  2e6-z0.005-rg2-rv2
0.023052  12.9049  16.7118  300369.0  528299.0  0.0  0.0  0.0  1.0  0.0  0.0  0.0  5e5-z0.005-rg2-rv2
0.108336  6.13524  10.5198  143199.0  521258.0  0.0  0.0  0.0  7.0  0.0  0.0  0.0  5e5-z0.005-rg2-rv2
0.160629  9.5856  13.4367  292354.0  516659.0  0.0  0.0  0.0  3.0  0.0  0.0  0.0  5e5-z0.005-rg2-rv2
0.031356  10.5336  17.4745  742269.0  1030104.0  0.0  0.0  0.0  10.0  0.0  0.0  0.0  1e6-z0.005-rg2-rv2-1
0.073653  8.1737  7.34315  337077.0  1058369.0  0.0  0.0  0.0  0.0  1.0  0.0  0.0  1e6-z0.005-rg2-rv2-1
0.011151  14.8684  19.0777  1075588.0  2001737.0  0.0  0.0  0.0  7.0  0.0  0.0  0.0  2e6-z0.005-rg2-rv2-1
0.047083  7.81557  7.34047  340199.0  2106253.0  0.0  0.0  0.0  0.0  0.0  0.0  0.0  2e6-z0.005-rg2-rv2-1
0.125153  8.39665  7.99366  206095.0  2048888.0  0.0  0.0  0.0  0.0  1.0  0.0  0.0  2e6-z0.005-rg2-rv2-1
0.137397  8.28182  8.28415  95874.0  2073799.0  0.0  0.0  0.0  0.0  0.0  0.0  0.0  2e6-z0.005-rg2-rv2-1
0.044081  15.5345  19.8379  270020.0  521795.0  0.0  0.0  0.0  5.0  0.0  0.0  0.0  5e5-z0.005-rg2-rv2-1
0.011444  18.2066  19.551  400184.0  1004017.0  0.0  0.0  0.0  1.0  0.0  0.0  0.0  1e6-z0.0002-rg20-rv2
0.011509  16.8633  19.8862  442896.0  1001867.0  0.0  0.0  0.0  1.0  0.0  0.0  0.0  1e6-z0.0002-rg20-rv2
0.013261  19.9752  22.3498  672186.0  1077378.0  0.0  0.0  0.0  1.0  0.0  0.0  0.0  1e6-z0.0002-rg20-rv2
0.013798  19.3794  24.5584  153035.0  1059145.0  0.0  0.0  0.0  1.0  0.0  0.0  0.0  1e6-z0.0002-rg20-rv2
0.035295  8.25394  13.6233  811704.0  1033686.0  0.0  0.0  0.0  0.0  0.0  0.0  0.0  1e6-z0.0002-rg20-rv2
0.036122  23.1793  34.9478  616307.0  1054958.0  0.0  0.0  0.0  1.0  0.0  0.0  0.0  1e6-z0.0002-rg20-rv2
0.011504  15.1841  21.9259  219190.0  2109566.0  0.0  0.0  0.0  0.0  0.0  0.0  0.0  2e6-z0.0002-rg20-rv2
0.011504  16.4894  20.6855  1046756.0  2027075.0  0.0  0.0  0.0  7.0  0.0  0.0  0.0  2e6-z0.0002-rg20-rv2
0.011504  15.7732  21.5065  1002782.0  2104941.0  0.0  0.0  0.0  4.0  0.0  0.0  0.0  2e6-z0.0002-rg20-rv2
0.01152  15.5531  21.052  110402.0  2116129.0  0.0  0.0  0.0  2.0  0.0  0.0  0.0  2e6-z0.0002-rg20-rv2
0.01152  16.0056  20.8894  1598395.0  2191321.0  0.0  0.0  0.0  0.0  0.0  0.0  0.0  2e6-z0.0002-rg20-rv2
0.011694  17.7736  22.1548  1077453.0  2144909.0  0.0  0.0  0.0  0.0  0.0  0.0  0.0  2e6-z0.0002-rg20-rv2
0.011847  17.4479  18.5388  1060146.0  2151016.0  0.0  0.0  0.0  0.0  0.0  0.0  0.0  2e6-z0.0002-rg20-rv2
0.012715  18.0301  23.0695  30558.0  2933985.0  1.0  0.0  0.0  1.0  0.0  0.0  0.0  2e6-z0.0002-rg20-rv2
0.013207  17.7946  25.8578  566003.0  2146677.0  0.0  0.0  0.0  11.0  0.0  0.0  0.0  2e6-z0.0002-rg20-rv2
0.014752  19.2102  25.0526  1153234.0  2000204.0  0.0  0.0  0.0  0.0  0.0  0.0  0.0  2e6-z0.0002-rg20-rv2
0.01573  19.8031  25.5534  26327.0  2099565.0  1.0  1.0  0.0  5.0  0.0  0.956083  0.042101  2e6-z0.0002-rg20-rv2
0.016921  20.7333  25.2964  1273152.0  2167767.0  1.0  1.0  0.0  0.0  0.0  0.309219  0.001924  2e6-z0.0002-rg20-rv2
0.017141  19.951  26.9686  1645542.0  2142914.0  0.0  0.0  0.0  4.0  0.0  0.0  0.0  2e6-z0.0002-rg20-rv2
0.019753  20.1673  29.0832  1075588.0  2001737.0  0.0  0.0  0.0  1.0  0.0  0.0  0.0  2e6-z0.0002-rg20-rv2
0.020155  22.1754  25.8218  1642780.0  2143892.0  0.0  0.0  0.0  3.0  0.0  0.0  0.0  2e6-z0.0002-rg20-rv2
0.020624  20.3451  29.4727  964376.0  2081378.0  0.0  0.0  0.0  3.0  0.0  0.0  0.0  2e6-z0.0002-rg20-rv2
0.021099  20.9306  28.978  431869.0  2083861.0  0.0  0.0  0.0  1.0  0.0  0.0  0.0  2e6-z0.0002-rg20-rv2
0.023129  6.81897  15.4582  1506843.0  2015978.0  0.0  0.0  0.0  6.0  0.0  0.0  0.0  2e6-z0.0002-rg20-rv2
0.024251  21.9261  27.9283  302089.0  2643535.0  1.0  1.0  0.0  1.0  0.0  1.14415  0.008047  2e6-z0.0002-rg20-rv2
0.024982  24.0085  26.8871  1700096.0  2155462.0  0.0  0.0  0.0  5.0  0.0  0.0  0.0  2e6-z0.0002-rg20-rv2
0.027737  22.26  31.0204  51716.0  2017238.0  0.0  0.0  0.0  1.0  0.0  0.0  0.0  2e6-z0.0002-rg20-rv2
0.027925  22.7665  30.7363  1327466.0  2065560.0  0.0  0.0  0.0  3.0  0.0  0.0  0.0  2e6-z0.0002-rg20-rv2
0.033692  23.2417  33.0812  657529.0  2083179.0  0.0  0.0  0.0  1.0  0.0  0.0  0.0  2e6-z0.0002-rg20-rv2
0.11532  26.8945  33.0628  1175766.0  2184997.0  1.0  1.0  0.0  8.0  0.0  0.0  0.0  2e6-z0.0002-rg20-rv2
0.192417  8.55491  14.9947  88473.0  2040551.0  1.0  1.0  0.0  0.0  0.0  3.68596  0.793226  2e6-z0.0002-rg20-rv2
0.01112  16.7818  24.1475  233383.0  540238.0  0.0  0.0  0.0  2.0  0.0  0.0  0.0  5e5-z0.0002-rg20-rv2
0.01357  18.3666  24.7987  300369.0  528299.0  0.0  0.0  0.0  0.0  0.0  0.0  0.0  5e5-z0.0002-rg20-rv2
0.020542  21.504  28.0704  17285.0  504306.0  0.0  0.0  0.0  9.0  0.0  0.0  0.0  5e5-z0.0002-rg20-rv2
0.025317  21.3358  31.628  270020.0  521795.0  1.0  1.0  0.0  2.0  0.0  0.407535  0.146253  5e5-z0.0002-rg20-rv2
0.431733  6.99716  13.3822  4665.0  528720.0  1.0  1.0  0.0  1.0  0.0  0.028307  0.03915  5e5-z0.0002-rg20-rv2
0.01105  16.8438  22.6365  481998.0  1072882.0  1.0  1.0  0.0  8.0  0.0  0.288026  0.00284  1e6-z0.0002-rg20-rv2-1
0.011182  16.7817  19.92  442896.0  1001867.0  0.0  0.0  0.0  6.0  0.0  0.0  0.0  1e6-z0.0002-rg20-rv2-1
0.011251  18.2572  19.5271  400184.0  1004017.0  0.0  0.0  0.0  0.0  0.0  0.0  0.0  1e6-z0.0002-rg20-rv2-1
0.013218  19.9186  22.372  672186.0  1077378.0  0.0  0.0  0.0  2.0  0.0  0.0  0.0  1e6-z0.0002-rg20-rv2-1
0.013959  19.4001  24.5508  153035.0  1059145.0  1.0  1.0  0.0  4.0  0.0  0.646656  0.023582  1e6-z0.0002-rg20-rv2-1
0.015328  19.4155  26.1201  951271.0  1039528.0  0.0  0.0  0.0  4.0  0.0  0.0  0.0  1e6-z0.0002-rg20-rv2-1
0.029217  24.9841  28.4522  565535.0  1037113.0  0.0  0.0  0.0  0.0  0.0  0.0  0.0  1e6-z0.0002-rg20-rv2-1
0.44046  27.5515  32.7982  554970.0  1019062.0  1.0  0.0  2.0  0.0  0.0  0.04446  0.386523  1e6-z0.0002-rg20-rv2-1
0.011521  15.8494  21.4675  1002782.0  2104941.0  0.0  0.0  0.0  0.0  0.0  0.0  0.0  2e6-z0.0002-rg20-rv2-1
0.011574  15.1797  21.9287  219190.0  2109566.0  0.0  0.0  0.0  14.0  0.0  0.0  0.0  2e6-z0.0002-rg20-rv2-1
0.011635  17.7482  22.1633  1077453.0  2144909.0  0.0  0.0  0.0  0.0  0.0  0.0  0.0  2e6-z0.0002-rg20-rv2-1
0.01166  16.4102  20.7218  1046756.0  2027075.0  1.0  1.0  0.0  0.0  0.0  0.251403  0.199614  2e6-z0.0002-rg20-rv2-1
0.011681  15.5588  21.0491  110402.0  2116129.0  0.0  0.0  0.0  10.0  0.0  0.0  0.0  2e6-z0.0002-rg20-rv2-1
0.011711  15.9598  20.9123  1598395.0  2191321.0  0.0  0.0  0.0  2.0  0.0  0.0  0.0  2e6-z0.0002-rg20-rv2-1
0.011953  17.6004  18.4697  1060146.0  2151016.0  0.0  0.0  0.0  6.0  0.0  0.0  0.0  2e6-z0.0002-rg20-rv2-1
0.012251  18.0545  23.0478  30558.0  2155687.0  0.0  0.0  0.0  0.0  0.0  0.0  0.0  2e6-z0.0002-rg20-rv2-1
0.013381  17.8746  25.8229  566003.0  2146677.0  0.0  0.0  0.0  0.0  0.0  0.0  0.0  2e6-z0.0002-rg20-rv2-1
0.014326  19.0737  25.1127  1153234.0  2000204.0  0.0  0.0  0.0  3.0  0.0  0.0  0.0  2e6-z0.0002-rg20-rv2-1
0.014606  19.1944  25.4478  1969790.0  2029084.0  0.0  0.0  0.0  3.0  0.0  0.0  0.0  2e6-z0.0002-rg20-rv2-1
0.015705  19.7986  25.5537  26327.0  2099565.0  0.0  0.0  0.0  3.0  0.0  0.0  0.0  2e6-z0.0002-rg20-rv2-1
0.017365  20.8665  25.2298  1273152.0  2167767.0  0.0  0.0  0.0  4.0  0.0  0.0  0.0  2e6-z0.0002-rg20-rv2-1
0.017389  20.0285  26.9315  1645542.0  2142914.0  0.0  0.0  0.0  1.0  0.0  0.0  0.0  2e6-z0.0002-rg20-rv2-1
0.019999  20.2233  29.056  1075588.0  2001737.0  0.0  0.0  0.0  0.0  0.0  0.0  0.0  2e6-z0.0002-rg20-rv2-1
0.020279  22.2045  25.9228  1642780.0  2143892.0  0.0  0.0  0.0  5.0  0.0  0.0  0.0  2e6-z0.0002-rg20-rv2-1
0.020726  20.3629  29.4611  964376.0  2081378.0  0.0  0.0  0.0  0.0  0.0  0.0  0.0  2e6-z0.0002-rg20-rv2-1
0.02155  21.0043  28.9394  431869.0  2083861.0  0.0  0.0  0.0  1.0  0.0  0.0  0.0  2e6-z0.0002-rg20-rv2-1
0.021991  6.92544  15.2563  59066.0  2020366.0  0.0  0.0  0.0  3.0  0.0  0.0  0.0  2e6-z0.0002-rg20-rv2-1
0.022349  21.9571  28.1157  302089.0  2141842.0  0.0  0.0  0.0  3.0  0.0  0.0  0.0  2e6-z0.0002-rg20-rv2-1
0.022773  6.57896  14.404  1693627.0  2126251.0  0.0  0.0  0.0  1.0  0.0  0.0  0.0  2e6-z0.0002-rg20-rv2-1
0.027132  23.7534  28.5453  1616149.0  2154534.0  0.0  0.0  0.0  0.0  0.0  0.0  0.0  2e6-z0.0002-rg20-rv2-1
0.028488  22.8181  30.7065  1327466.0  2065560.0  0.0  0.0  0.0  2.0  0.0  0.0  0.0  2e6-z0.0002-rg20-rv2-1
0.029166  22.2271  30.7803  51716.0  2274668.0  1.0  0.0  0.0  5.0  0.0  0.0  0.0  2e6-z0.0002-rg20-rv2-1
0.034392  23.1924  33.0716  657529.0  2083179.0  0.0  0.0  0.0  3.0  0.0  0.0  0.0  2e6-z0.0002-rg20-rv2-1
0.095339  20.2382  19.5723  434478.0  2043335.0  0.0  3.0  1.0  0.0  1.0  0.0  0.0  2e6-z0.0002-rg20-rv2-1
0.284033  25.2811  32.7419  1143774.0  2090940.0  1.0  0.0  1.0  1.0  0.0  0.042885  0.334003  2e6-z0.0002-rg20-rv2-1
0.396661  26.9461  32.3531  1175766.0  2184997.0  1.0  1.0  7.0  6.0  0.0  0.044022  0.137308  2e6-z0.0002-rg20-rv2-1
0.423048  6.98962  15.5198  1506843.0  2015978.0  0.0  0.0  0.0  0.0  0.0  0.0  0.0  2e6-z0.0002-rg20-rv2-1
0.011022  15.9102  22.6409  411874.0  536774.0  0.0  0.0  0.0  1.0  0.0  0.0  0.0  5e5-z0.0002-rg20-rv2-1
0.011323  16.8928  24.1058  233383.0  540238.0  0.0  0.0  0.0  2.0  0.0  0.0  0.0  5e5-z0.0002-rg20-rv2-1
0.011467  16.2949  19.0369  58821.0  526076.0  0.0  0.0  0.0  1.0  0.0  0.0  0.0  5e5-z0.0002-rg20-rv2-1
0.012305  18.3439  22.3316  255747.0  515725.0  0.0  0.0  0.0  6.0  0.0  0.0  0.0  5e5-z0.0002-rg20-rv2-1
0.013704  18.4266  24.7361  300369.0  528299.0  0.0  0.0  0.0  3.0  0.0  0.0  0.0  5e5-z0.0002-rg20-rv2-1
0.020154  21.43  28.0972  17285.0  504306.0  0.0  0.0  0.0  2.0  0.0  0.0  0.0  5e5-z0.0002-rg20-rv2-1
0.02602  21.4283  31.5907  270020.0  521795.0  0.0  0.0  0.0  1.0  0.0  0.0  0.0  5e5-z0.0002-rg20-rv2-1
0.042318  10.7236  15.9832  143199.0  521258.0  0.0  0.0  0.0  0.0  0.0  0.0  0.0  5e5-z0.0002-rg20-rv2-1
0.009774  18.9332  28.1809  61426.0  1022624.0  1.0  2.0  1.0  0.0  0.0  2.23586  0.020507  1e6-z0.001-delayed
0.010193  16.7404  27.2226  436278.0  1039314.0  0.0  0.0  0.0  3.0  0.0  0.0  0.0  1e6-z0.001-delayed
0.011056  14.8714  24.388  650503.0  1054230.0  0.0  0.0  0.0  4.0  0.0  0.0  0.0  1e6-z0.001-delayed
0.011628  19.8219  30.6076  151402.0  1027271.0  1.0  5.0  1.0  5.0  0.0  2.87881  0.021294  1e6-z0.001-delayed
0.011628  15.3813  20.8558  958917.0  1042845.0  0.0  0.0  0.0  0.0  0.0  0.0  0.0  1e6-z0.001-delayed
0.012438  20.9636  32.2707  914182.0  1012636.0  0.0  0.0  0.0  8.0  0.0  0.0  0.0  1e6-z0.001-delayed
0.015026  12.421  16.0001  31620.0  1036781.0  1.0  1.0  0.0  4.0  0.0  2.3029  0.005461  1e6-z0.001-delayed
0.018623  12.4997  22.3624  1063459.0  1175482.0  1.0  5.0  1.0  7.0  0.0  3.70372  0.206448  1e6-z0.001-delayed
0.023185  13.4593  14.698  198666.0  1032913.0  1.0  0.0  1.0  3.0  0.0  0.270723  0.0  1e6-z0.001-delayed
0.024375  13.767  14.5154  1456.0  1063684.0  1.0  1.0  1.0  2.0  0.0  0.014358  0.027597  1e6-z0.001-delayed
0.02839  13.8998  15.2269  654641.0  1028862.0  0.0  0.0  0.0  3.0  0.0  0.0  0.0  1e6-z0.001-delayed
0.037763  14.9773  15.7815  175899.0  1038699.0  1.0  1.0  1.0  7.0  0.0  2.38844  0.026434  1e6-z0.001-delayed
0.055685  13.7963  18.1813  938446.0  1060192.0  1.0  0.0  2.0  8.0  0.0  0.022722  0.237484  1e6-z0.001-delayed
0.060466  14.7087  17.7214  829244.0  1005940.0  0.0  0.0  0.0  2.0  0.0  0.0  0.0  1e6-z0.001-delayed
0.06954  17.0343  16.985  400184.0  1004017.0  0.0  1.0  0.0  0.0  0.0  0.0  0.0  1e6-z0.001-delayed
0.125163  18.0012  18.4746  851041.0  1035384.0  0.0  0.0  0.0  1.0  0.0  0.0  0.0  1e6-z0.001-delayed
0.160258  8.99279  11.5338  39867.0  1056881.0  0.0  0.0  0.0  1.0  0.0  0.0  0.0  1e6-z0.001-delayed
7.630991  6.76264  6.43423  1186699.0  1343338.0  1.0  32.0  15.0  7.0  5.0  0.0  0.0  1e6-z0.001-fullKicks
0.010132  16.4632  24.0534  566003.0  2146677.0  0.0  0.0  0.0  1.0  0.0  0.0  0.0  2e6-z0.001-rg8-rv2
0.012477  18.7285  26.9327  964376.0  2081378.0  0.0  0.0  0.0  4.0  0.0  0.0  0.0  2e6-z0.001-rg8-rv2
0.016142  11.2526  13.0933  677043.0  2118237.0  0.0  0.0  0.0  9.0  0.0  0.0  0.0  2e6-z0.001-rg8-rv2
0.017401  11.5249  14.3398  1979910.0  2088772.0  0.0  0.0  0.0  0.0  0.0  0.0  0.0  2e6-z0.001-rg8-rv2
0.018356  11.2383  11.6531  31620.0  2167075.0  0.0  0.0  0.0  0.0  0.0  0.0  0.0  2e6-z0.001-rg8-rv2
0.018766  13.6373  13.3816  1378386.0  2100619.0  0.0  0.0  0.0  0.0  7.0  0.0  0.0  2e6-z0.001-rg8-rv2
0.019996  13.7232  13.707  1239755.0  2011898.0  0.0  0.0  0.0  0.0  1.0  0.0  0.0  2e6-z0.001-rg8-rv2
0.020166  12.361  14.6388  1462067.0  2064263.0  0.0  0.0  0.0  1.0  0.0  0.0  0.0  2e6-z0.001-rg8-rv2
0.023195  13.6679  14.8361  1023807.0  2176557.0  0.0  0.0  0.0  9.0  0.0  0.0  0.0  2e6-z0.001-rg8-rv2
0.024713  13.4075  15.0878  198666.0  2056289.0  0.0  0.0  0.0  8.0  0.0  0.0  0.0  2e6-z0.001-rg8-rv2
0.025795  14.0545  14.9378  1107509.0  2178727.0  1.0  0.0  1.0  4.0  0.0  0.759558  1e-06  2e6-z0.001-rg8-rv2
0.027783  13.421  15.4856  1523428.0  2195484.0  0.0  0.0  0.0  5.0  0.0  0.0  0.0  2e6-z0.001-rg8-rv2
0.029514  15.2727  14.5888  1377702.0  2066634.0  0.0  0.0  0.0  0.0  5.0  0.0  0.0  2e6-z0.001-rg8-rv2
0.032254  14.1749  15.6803  635748.0  2088752.0  0.0  0.0  0.0  0.0  0.0  0.0  0.0  2e6-z0.001-rg8-rv2
0.034863  15.1821  15.6404  200864.0  2131086.0  0.0  0.0  0.0  0.0  0.0  0.0  0.0  2e6-z0.001-rg8-rv2
0.037933  15.4045  15.5926  192188.0  2173707.0  0.0  0.0  0.0  1.0  0.0  0.0  0.0  2e6-z0.001-rg8-rv2
0.057231  15.852  17.4043  1060146.0  2151016.0  0.0  0.0  0.0  0.0  0.0  0.0  0.0  2e6-z0.001-rg8-rv2
0.065538  16.2696  17.4491  424104.0  2187548.0  0.0  0.0  0.0  1.0  0.0  0.0  0.0  2e6-z0.001-rg8-rv2
0.09046  14.5765  19.4607  1598395.0  2191321.0  0.0  0.0  0.0  13.0  0.0  0.0  0.0  2e6-z0.001-rg8-rv2
0.094593  15.1631  19.1827  1046756.0  2027075.0  1.0  1.0  0.0  2.0  0.0  1.36746  0.021323  2e6-z0.001-rg8-rv2
0.103718  17.814  18.8072  1661281.0  2020264.0  1.0  0.0  2.0  4.0  0.0  0.030374  0.031895  2e6-z0.001-rg8-rv2
0.10829  15.464  19.6316  1945571.0  2046674.0  0.0  0.0  0.0  9.0  0.0  0.0  0.0  2e6-z0.001-rg8-rv2
0.015102  20.0119  30.3076  32307.0  201553.0  1.0  0.0  1.0  3.0  0.0  3.19654  0.049116  2e5-z0.001-10
0.02236  20.059  29.6829  114854.0  203128.0  1.0  1.0  0.0  3.0  0.0  3.73984  0.019146  2e5-z0.001-10
0.057417  15.2371  17.3724  113539.0  206955.0  0.0  0.0  0.0  9.0  0.0  0.0  0.0  2e5-z0.001-10
0.068476  14.5525  18.8366  150242.0  208458.0  0.0  0.0  0.0  0.0  0.0  0.0  0.0  2e5-z0.001-10
